c c c 0 0 0 0 0 0 0 0 0 0 0 0 0 0 0 c c c
c c 0 4 4 4 4 4 4 4 4 4 4 4 4 4 4 4 0 c c
c 0 4 4 4 4 4 4 4 4 4 4 4 4 4 4 4 4 4 0 c
c 0 6 4 4 4 4 4 4 4 4 4 4 4 4 4 4 4 6 0 c
0 6 6 4 4 4 4 4 4 4 4 4 4 4 4 4 4 4 6 6 0
0 6 6 4 4 4 0 4 4 4 4 4 4 4 0 4 4 4 6 6 0
0 6 6 6 4 4 0 4 4 4 4 4 4 4 0 4 4 6 6 6 0
0 6 6 6 6 4 4 4 4 4 4 4 4 4 4 4 6 6 6 6 0
0 6 6 6 6 6 4 4 4 4 4 4 4 4 4 6 6 6 6 6 0
0 6 6 6 6 6 6 4 4 4 4 4 4 4 6 6 6 6 6 6 0
c 0 6 6 6 6 6 6 4 4 4 4 4 6 6 6 6 6 6 0 c
c 0 6 6 6 6 6 6 6 4 4 4 6 6 6 6 6 6 6 0 c
c c 0 6 6 6 6 6 6 6 1 6 6 6 6 6 6 6 0 c c
c c 0 4 6 6 6 6 6 6 1 6 6 6 6 6 6 4 0 c c
c c c 0 4 6 6 6 6 1 6 1 6 6 6 6 4 0 c c c
c c c c 0 4 6 6 6 1 6 1 6 6 6 4 0 c c c c
c c c c c 0 4 6 6 6 6 6 6 6 4 0 c c c c c
c c c c c 0 4 6 6 6 6 6 6 6 4 0 c c c c c
c c c c c 0 4 4 6 6 6 6 6 4 4 0 c c c c c
c c c c c 0 4 4 6 6 6 6 6 4 4 0 c c c c c
c c c c c c 0 0 0 0 0 0 0 0 0 c c c c c c