c c c 0 0 0 0 0 0 0 0 0 0 0 0 0 0 0 c c c
c c 0 9 9 9 9 9 9 9 9 9 9 9 9 9 9 9 0 c c
c 0 9 9 9 9 9 9 9 9 9 9 9 9 9 9 9 9 9 0 c
c 0 3 9 9 9 9 9 9 9 9 9 9 9 9 9 9 9 3 0 c
0 3 3 9 9 9 9 9 9 9 9 9 9 9 9 9 9 9 3 3 0
0 3 3 9 9 9 0 9 9 9 9 9 9 9 0 9 9 9 3 3 0
0 3 3 3 9 9 0 9 9 9 9 9 9 9 0 9 9 3 3 3 0
0 3 3 3 3 9 9 9 9 9 9 9 9 9 9 9 3 3 3 3 0
0 3 3 3 1 1 9 9 9 9 9 9 9 9 9 1 1 3 3 3 0
0 3 3 3 3 3 3 9 9 9 9 9 9 9 3 3 3 3 3 3 0
c 0 3 3 3 3 3 3 9 9 9 9 9 3 3 3 3 3 3 0 c
c 0 3 3 3 3 3 3 3 9 9 9 3 3 3 3 3 3 3 0 c
c c 0 3 3 3 3 3 3 3 3 3 3 3 3 3 3 3 0 c c
c c 0 9 3 3 3 3 3 3 3 3 3 3 3 3 3 9 0 c c
c c c 0 9 3 3 3 3 3 3 3 3 3 3 3 9 0 c c c
c c c c 0 9 3 3 3 3 3 3 3 3 3 9 0 c c c c
c c c c c 0 9 3 3 3 3 3 3 3 9 0 c c c c c
c c c c c 0 9 3 3 3 3 3 3 3 9 0 c c c c c
c c c c c 0 9 9 3 3 3 3 3 9 9 0 c c c c c
c c c c c 0 9 9 3 3 3 3 3 9 9 0 c c c c c
c c c c c c 0 0 0 0 0 0 0 0 0 c c c c c c