c c c 0 0 0 0 0 0 0 0 0 0 0 0 0 0 0 c c c
c c 0 2 2 2 2 2 2 2 2 2 2 2 2 2 2 2 0 c c
c 0 2 2 2 2 2 2 2 2 2 2 2 2 2 2 2 2 2 0 c
c 0 8 2 2 2 2 2 2 2 2 2 2 2 2 2 2 2 8 0 c
0 8 8 2 2 2 2 2 2 2 2 2 2 2 2 2 2 2 8 8 0
0 8 8 2 2 2 0 2 2 2 2 2 2 2 0 2 2 2 8 8 0
0 8 8 8 2 2 0 2 2 2 2 2 2 2 0 2 2 8 8 8 0
0 8 8 8 8 2 2 2 2 2 2 2 2 2 2 2 8 8 8 8 0
0 8 8 8 8 8 2 2 2 2 2 2 2 2 2 8 8 8 8 8 0
0 8 8 8 8 8 8 2 2 2 2 2 2 2 8 8 8 8 8 8 0
c 0 8 8 8 8 8 8 2 2 2 2 2 8 8 8 8 8 8 0 c
c 0 8 8 8 8 8 8 8 2 2 2 8 8 8 8 8 8 8 0 c
c c 0 8 8 8 8 8 8 8 1 8 8 8 8 8 8 8 0 c c
c c 0 2 8 8 8 8 8 8 1 8 8 8 8 8 8 2 0 c c
c c c 0 2 8 8 8 8 1 8 1 8 8 8 8 2 0 c c c
c c c c 0 2 8 8 8 1 8 1 8 8 8 2 0 c c c c
c c c c c 0 2 8 8 8 8 8 8 8 2 0 c c c c c
c c c c c 0 2 8 8 8 8 8 8 8 2 0 c c c c c
c c c c c 0 2 2 8 8 8 8 8 2 2 0 c c c c c
c c c c c 0 2 2 8 8 8 8 8 2 2 0 c c c c c
c c c c c c 0 0 0 0 0 0 0 0 0 c c c c c c